(kicad_pcb (version 20171130) (host pcbnew "(5.1.6)-1")

  (general
    (thickness 1.6)
    (drawings 31)
    (tracks 612)
    (zones 0)
    (modules 27)
    (nets 37)
  )

  (page A4)
  (layers
    (0 F.Cu signal)
    (31 B.Cu signal)
    (32 B.Adhes user)
    (33 F.Adhes user)
    (34 B.Paste user)
    (35 F.Paste user)
    (36 B.SilkS user)
    (37 F.SilkS user)
    (38 B.Mask user)
    (39 F.Mask user)
    (40 Dwgs.User user hide)
    (41 Cmts.User user)
    (42 Eco1.User user)
    (43 Eco2.User user)
    (44 Edge.Cuts user)
    (45 Margin user)
    (46 B.CrtYd user)
    (47 F.CrtYd user)
    (48 B.Fab user hide)
    (49 F.Fab user hide)
  )

  (setup
    (last_trace_width 0.25)
    (user_trace_width 0.3)
    (user_trace_width 0.6)
    (trace_clearance 0.2)
    (zone_clearance 0.2)
    (zone_45_only no)
    (trace_min 0.2)
    (via_size 0.8)
    (via_drill 0.4)
    (via_min_size 0.4)
    (via_min_drill 0.3)
    (user_via 0.6 0.4)
    (uvia_size 0.3)
    (uvia_drill 0.1)
    (uvias_allowed no)
    (uvia_min_size 0.2)
    (uvia_min_drill 0.1)
    (edge_width 0.05)
    (segment_width 0.2)
    (pcb_text_width 0.3)
    (pcb_text_size 1.5 1.5)
    (mod_edge_width 0.12)
    (mod_text_size 1 1)
    (mod_text_width 0.15)
    (pad_size 1.9 3.1)
    (pad_drill 0)
    (pad_to_mask_clearance 0.05)
    (aux_axis_origin 0 0)
    (visible_elements 7FFFFFFF)
    (pcbplotparams
      (layerselection 0x010fc_ffffffff)
      (usegerberextensions false)
      (usegerberattributes true)
      (usegerberadvancedattributes true)
      (creategerberjobfile true)
      (excludeedgelayer true)
      (linewidth 0.100000)
      (plotframeref false)
      (viasonmask false)
      (mode 1)
      (useauxorigin false)
      (hpglpennumber 1)
      (hpglpenspeed 20)
      (hpglpendiameter 15.000000)
      (psnegative false)
      (psa4output false)
      (plotreference true)
      (plotvalue true)
      (plotinvisibletext false)
      (padsonsilk false)
      (subtractmaskfromsilk false)
      (outputformat 1)
      (mirror false)
      (drillshape 1)
      (scaleselection 1)
      (outputdirectory ""))
  )

  (net 0 "")
  (net 1 "Net-(C1-Pad2)")
  (net 2 GND)
  (net 3 "Net-(C2-Pad1)")
  (net 4 VDDA)
  (net 5 VDD)
  (net 6 "Net-(C5-Pad2)")
  (net 7 /TXD0)
  (net 8 /TXD1)
  (net 9 /TXEN)
  (net 10 /RXER)
  (net 11 /MDC)
  (net 12 /MDIO)
  (net 13 /CLKIN)
  (net 14 /RST)
  (net 15 /TXCK)
  (net 16 /RXD1)
  (net 17 "Net-(J1-Pad10)")
  (net 18 "Net-(J1-Pad9)")
  (net 19 "Net-(J1-Pad8)")
  (net 20 /CRS_DV)
  (net 21 /RXD0)
  (net 22 "Net-(J1-Pad5)")
  (net 23 "Net-(J1-Pad4)")
  (net 24 "Net-(J1-Pad3)")
  (net 25 "Net-(J1-Pad2)")
  (net 26 "Net-(J3-Pad12)")
  (net 27 "Net-(J3-Pad9)")
  (net 28 /LED_G)
  (net 29 /LED_Y)
  (net 30 "Net-(R4-Pad2)")
  (net 31 /RX_N)
  (net 32 /RX_P)
  (net 33 /TX_N)
  (net 34 /TX_P)
  (net 35 "Net-(J1-Pad14)")
  (net 36 "Net-(J1-Pad11)")

  (net_class Default "This is the default net class."
    (clearance 0.2)
    (trace_width 0.25)
    (via_dia 0.8)
    (via_drill 0.4)
    (uvia_dia 0.3)
    (uvia_drill 0.1)
    (add_net /CLKIN)
    (add_net /CRS_DV)
    (add_net /LED_G)
    (add_net /LED_Y)
    (add_net /MDC)
    (add_net /MDIO)
    (add_net /RST)
    (add_net /RXD0)
    (add_net /RXD1)
    (add_net /RXER)
    (add_net /TXCK)
    (add_net /TXD0)
    (add_net /TXD1)
    (add_net /TXEN)
    (add_net GND)
    (add_net "Net-(C1-Pad2)")
    (add_net "Net-(C2-Pad1)")
    (add_net "Net-(C5-Pad2)")
    (add_net "Net-(J1-Pad10)")
    (add_net "Net-(J1-Pad11)")
    (add_net "Net-(J1-Pad14)")
    (add_net "Net-(J1-Pad2)")
    (add_net "Net-(J1-Pad3)")
    (add_net "Net-(J1-Pad4)")
    (add_net "Net-(J1-Pad5)")
    (add_net "Net-(J1-Pad8)")
    (add_net "Net-(J1-Pad9)")
    (add_net "Net-(J3-Pad12)")
    (add_net "Net-(J3-Pad9)")
    (add_net "Net-(R4-Pad2)")
    (add_net VDD)
    (add_net VDDA)
  )

  (net_class MDI ""
    (clearance 0.1524)
    (trace_width 0.3)
    (via_dia 0.8)
    (via_drill 0.4)
    (uvia_dia 0.3)
    (uvia_drill 0.1)
    (diff_pair_width 0.3)
    (diff_pair_gap 0.1524)
    (add_net /RX_N)
    (add_net /RX_P)
    (add_net /TX_N)
    (add_net /TX_P)
  )

  (module Resistor_SMD:R_0603_1608Metric (layer F.Cu) (tedit 5B301BBD) (tstamp 61B8E295)
    (at 127.3048 83.5152 180)
    (descr "Resistor SMD 0603 (1608 Metric), square (rectangular) end terminal, IPC_7351 nominal, (Body size source: http://www.tortai-tech.com/upload/download/2011102023233369053.pdf), generated with kicad-footprint-generator")
    (tags resistor)
    (path /61B8DF7D)
    (attr smd)
    (fp_text reference R8 (at 0 1.1684) (layer F.SilkS)
      (effects (font (size 1 1) (thickness 0.15)))
    )
    (fp_text value 49.9 (at 0 1.43) (layer F.Fab)
      (effects (font (size 1 1) (thickness 0.15)))
    )
    (fp_line (start 1.48 0.73) (end -1.48 0.73) (layer F.CrtYd) (width 0.05))
    (fp_line (start 1.48 -0.73) (end 1.48 0.73) (layer F.CrtYd) (width 0.05))
    (fp_line (start -1.48 -0.73) (end 1.48 -0.73) (layer F.CrtYd) (width 0.05))
    (fp_line (start -1.48 0.73) (end -1.48 -0.73) (layer F.CrtYd) (width 0.05))
    (fp_line (start -0.162779 0.51) (end 0.162779 0.51) (layer F.SilkS) (width 0.12))
    (fp_line (start -0.162779 -0.51) (end 0.162779 -0.51) (layer F.SilkS) (width 0.12))
    (fp_line (start 0.8 0.4) (end -0.8 0.4) (layer F.Fab) (width 0.1))
    (fp_line (start 0.8 -0.4) (end 0.8 0.4) (layer F.Fab) (width 0.1))
    (fp_line (start -0.8 -0.4) (end 0.8 -0.4) (layer F.Fab) (width 0.1))
    (fp_line (start -0.8 0.4) (end -0.8 -0.4) (layer F.Fab) (width 0.1))
    (fp_text user %R (at 0 0) (layer F.Fab)
      (effects (font (size 0.4 0.4) (thickness 0.06)))
    )
    (pad 2 smd roundrect (at 0.7875 0 180) (size 0.875 0.95) (layers F.Cu F.Paste F.Mask) (roundrect_rratio 0.25)
      (net 4 VDDA))
    (pad 1 smd roundrect (at -0.7875 0 180) (size 0.875 0.95) (layers F.Cu F.Paste F.Mask) (roundrect_rratio 0.25)
      (net 31 /RX_N))
    (model ${KISYS3DMOD}/Resistor_SMD.3dshapes/R_0603_1608Metric.wrl
      (at (xyz 0 0 0))
      (scale (xyz 1 1 1))
      (rotate (xyz 0 0 0))
    )
  )

  (module Resistor_SMD:R_0603_1608Metric (layer F.Cu) (tedit 5B301BBD) (tstamp 61B8E284)
    (at 127.3048 86.0044)
    (descr "Resistor SMD 0603 (1608 Metric), square (rectangular) end terminal, IPC_7351 nominal, (Body size source: http://www.tortai-tech.com/upload/download/2011102023233369053.pdf), generated with kicad-footprint-generator")
    (tags resistor)
    (path /61B8D214)
    (attr smd)
    (fp_text reference R7 (at 0.0127 -1.1684) (layer F.SilkS)
      (effects (font (size 1 1) (thickness 0.15)))
    )
    (fp_text value 49.9 (at 0 1.43) (layer F.Fab)
      (effects (font (size 1 1) (thickness 0.15)))
    )
    (fp_line (start 1.48 0.73) (end -1.48 0.73) (layer F.CrtYd) (width 0.05))
    (fp_line (start 1.48 -0.73) (end 1.48 0.73) (layer F.CrtYd) (width 0.05))
    (fp_line (start -1.48 -0.73) (end 1.48 -0.73) (layer F.CrtYd) (width 0.05))
    (fp_line (start -1.48 0.73) (end -1.48 -0.73) (layer F.CrtYd) (width 0.05))
    (fp_line (start -0.162779 0.51) (end 0.162779 0.51) (layer F.SilkS) (width 0.12))
    (fp_line (start -0.162779 -0.51) (end 0.162779 -0.51) (layer F.SilkS) (width 0.12))
    (fp_line (start 0.8 0.4) (end -0.8 0.4) (layer F.Fab) (width 0.1))
    (fp_line (start 0.8 -0.4) (end 0.8 0.4) (layer F.Fab) (width 0.1))
    (fp_line (start -0.8 -0.4) (end 0.8 -0.4) (layer F.Fab) (width 0.1))
    (fp_line (start -0.8 0.4) (end -0.8 -0.4) (layer F.Fab) (width 0.1))
    (fp_text user %R (at 0 0) (layer F.Fab)
      (effects (font (size 0.4 0.4) (thickness 0.06)))
    )
    (pad 2 smd roundrect (at 0.7875 0) (size 0.875 0.95) (layers F.Cu F.Paste F.Mask) (roundrect_rratio 0.25)
      (net 4 VDDA))
    (pad 1 smd roundrect (at -0.7875 0) (size 0.875 0.95) (layers F.Cu F.Paste F.Mask) (roundrect_rratio 0.25)
      (net 32 /RX_P))
    (model ${KISYS3DMOD}/Resistor_SMD.3dshapes/R_0603_1608Metric.wrl
      (at (xyz 0 0 0))
      (scale (xyz 1 1 1))
      (rotate (xyz 0 0 0))
    )
  )

  (module Crystal:Crystal_SMD_3225-4Pin_3.2x2.5mm (layer F.Cu) (tedit 5A0FD1B2) (tstamp 61B79A0A)
    (at 127.4572 89.2556 90)
    (descr "SMD Crystal SERIES SMD3225/4 http://www.txccrystal.com/images/pdf/7m-accuracy.pdf, 3.2x2.5mm^2 package")
    (tags "SMD SMT crystal")
    (path /61BB7C1F)
    (attr smd)
    (fp_text reference Y1 (at -2.8956 0 180) (layer F.SilkS)
      (effects (font (size 1 1) (thickness 0.15)))
    )
    (fp_text value 25M (at 0 2.45 90) (layer F.Fab)
      (effects (font (size 1 1) (thickness 0.15)))
    )
    (fp_line (start 2.1 -1.7) (end -2.1 -1.7) (layer F.CrtYd) (width 0.05))
    (fp_line (start 2.1 1.7) (end 2.1 -1.7) (layer F.CrtYd) (width 0.05))
    (fp_line (start -2.1 1.7) (end 2.1 1.7) (layer F.CrtYd) (width 0.05))
    (fp_line (start -2.1 -1.7) (end -2.1 1.7) (layer F.CrtYd) (width 0.05))
    (fp_line (start -2 1.65) (end 2 1.65) (layer F.SilkS) (width 0.12))
    (fp_line (start -2 -1.65) (end -2 1.65) (layer F.SilkS) (width 0.12))
    (fp_line (start -1.6 0.25) (end -0.6 1.25) (layer F.Fab) (width 0.1))
    (fp_line (start 1.6 -1.25) (end -1.6 -1.25) (layer F.Fab) (width 0.1))
    (fp_line (start 1.6 1.25) (end 1.6 -1.25) (layer F.Fab) (width 0.1))
    (fp_line (start -1.6 1.25) (end 1.6 1.25) (layer F.Fab) (width 0.1))
    (fp_line (start -1.6 -1.25) (end -1.6 1.25) (layer F.Fab) (width 0.1))
    (fp_text user %R (at 0 0 90) (layer F.Fab)
      (effects (font (size 0.7 0.7) (thickness 0.105)))
    )
    (pad 4 smd rect (at -1.1 -0.85 90) (size 1.4 1.2) (layers F.Cu F.Paste F.Mask)
      (net 2 GND))
    (pad 3 smd rect (at 1.1 -0.85 90) (size 1.4 1.2) (layers F.Cu F.Paste F.Mask)
      (net 3 "Net-(C2-Pad1)"))
    (pad 2 smd rect (at 1.1 0.85 90) (size 1.4 1.2) (layers F.Cu F.Paste F.Mask)
      (net 2 GND))
    (pad 1 smd rect (at -1.1 0.85 90) (size 1.4 1.2) (layers F.Cu F.Paste F.Mask)
      (net 1 "Net-(C1-Pad2)"))
    (model ${KISYS3DMOD}/Crystal.3dshapes/Crystal_SMD_3225-4Pin_3.2x2.5mm.wrl
      (at (xyz 0 0 0))
      (scale (xyz 1 1 1))
      (rotate (xyz 0 0 0))
    )
  )

  (module Package_DFN_QFN:QFN-24-1EP_4x4mm_P0.5mm_EP2.6x2.6mm (layer F.Cu) (tedit 5DC5F6A3) (tstamp 61B799F6)
    (at 136.9568 84.836)
    (descr "QFN, 24 Pin (http://ww1.microchip.com/downloads/en/PackagingSpec/00000049BQ.pdf#page=278), generated with kicad-footprint-generator ipc_noLead_generator.py")
    (tags "QFN NoLead")
    (path /619F31D9)
    (attr smd)
    (fp_text reference U1 (at 0 3.2004) (layer F.SilkS)
      (effects (font (size 1 1) (thickness 0.15)))
    )
    (fp_text value LAN8720A (at 0 3.3) (layer F.Fab)
      (effects (font (size 1 1) (thickness 0.15)))
    )
    (fp_line (start 2.6 -2.6) (end -2.6 -2.6) (layer F.CrtYd) (width 0.05))
    (fp_line (start 2.6 2.6) (end 2.6 -2.6) (layer F.CrtYd) (width 0.05))
    (fp_line (start -2.6 2.6) (end 2.6 2.6) (layer F.CrtYd) (width 0.05))
    (fp_line (start -2.6 -2.6) (end -2.6 2.6) (layer F.CrtYd) (width 0.05))
    (fp_line (start -2 -1) (end -1 -2) (layer F.Fab) (width 0.1))
    (fp_line (start -2 2) (end -2 -1) (layer F.Fab) (width 0.1))
    (fp_line (start 2 2) (end -2 2) (layer F.Fab) (width 0.1))
    (fp_line (start 2 -2) (end 2 2) (layer F.Fab) (width 0.1))
    (fp_line (start -1 -2) (end 2 -2) (layer F.Fab) (width 0.1))
    (fp_line (start -1.635 -2.11) (end -2.11 -2.11) (layer F.SilkS) (width 0.12))
    (fp_line (start 2.11 2.11) (end 2.11 1.635) (layer F.SilkS) (width 0.12))
    (fp_line (start 1.635 2.11) (end 2.11 2.11) (layer F.SilkS) (width 0.12))
    (fp_line (start -2.11 2.11) (end -2.11 1.635) (layer F.SilkS) (width 0.12))
    (fp_line (start -1.635 2.11) (end -2.11 2.11) (layer F.SilkS) (width 0.12))
    (fp_line (start 2.11 -2.11) (end 2.11 -1.635) (layer F.SilkS) (width 0.12))
    (fp_line (start 1.635 -2.11) (end 2.11 -2.11) (layer F.SilkS) (width 0.12))
    (fp_text user %R (at 0 0) (layer F.Fab)
      (effects (font (size 1 1) (thickness 0.15)))
    )
    (pad "" smd roundrect (at 0.65 0.65) (size 1.05 1.05) (layers F.Paste) (roundrect_rratio 0.238095))
    (pad "" smd roundrect (at 0.65 -0.65) (size 1.05 1.05) (layers F.Paste) (roundrect_rratio 0.238095))
    (pad "" smd roundrect (at -0.65 0.65) (size 1.05 1.05) (layers F.Paste) (roundrect_rratio 0.238095))
    (pad "" smd roundrect (at -0.65 -0.65) (size 1.05 1.05) (layers F.Paste) (roundrect_rratio 0.238095))
    (pad 25 smd rect (at 0 0) (size 2.6 2.6) (layers F.Cu F.Mask)
      (net 2 GND))
    (pad 24 smd roundrect (at -1.25 -1.9375) (size 0.25 0.825) (layers F.Cu F.Paste F.Mask) (roundrect_rratio 0.25)
      (net 30 "Net-(R4-Pad2)"))
    (pad 23 smd roundrect (at -0.75 -1.9375) (size 0.25 0.825) (layers F.Cu F.Paste F.Mask) (roundrect_rratio 0.25)
      (net 32 /RX_P))
    (pad 22 smd roundrect (at -0.25 -1.9375) (size 0.25 0.825) (layers F.Cu F.Paste F.Mask) (roundrect_rratio 0.25)
      (net 31 /RX_N))
    (pad 21 smd roundrect (at 0.25 -1.9375) (size 0.25 0.825) (layers F.Cu F.Paste F.Mask) (roundrect_rratio 0.25)
      (net 34 /TX_P))
    (pad 20 smd roundrect (at 0.75 -1.9375) (size 0.25 0.825) (layers F.Cu F.Paste F.Mask) (roundrect_rratio 0.25)
      (net 33 /TX_N))
    (pad 19 smd roundrect (at 1.25 -1.9375) (size 0.25 0.825) (layers F.Cu F.Paste F.Mask) (roundrect_rratio 0.25)
      (net 4 VDDA))
    (pad 18 smd roundrect (at 1.9375 -1.25) (size 0.825 0.25) (layers F.Cu F.Paste F.Mask) (roundrect_rratio 0.25)
      (net 8 /TXD1))
    (pad 17 smd roundrect (at 1.9375 -0.75) (size 0.825 0.25) (layers F.Cu F.Paste F.Mask) (roundrect_rratio 0.25)
      (net 7 /TXD0))
    (pad 16 smd roundrect (at 1.9375 -0.25) (size 0.825 0.25) (layers F.Cu F.Paste F.Mask) (roundrect_rratio 0.25)
      (net 9 /TXEN))
    (pad 15 smd roundrect (at 1.9375 0.25) (size 0.825 0.25) (layers F.Cu F.Paste F.Mask) (roundrect_rratio 0.25)
      (net 14 /RST))
    (pad 14 smd roundrect (at 1.9375 0.75) (size 0.825 0.25) (layers F.Cu F.Paste F.Mask) (roundrect_rratio 0.25)
      (net 15 /TXCK))
    (pad 13 smd roundrect (at 1.9375 1.25) (size 0.825 0.25) (layers F.Cu F.Paste F.Mask) (roundrect_rratio 0.25)
      (net 11 /MDC))
    (pad 12 smd roundrect (at 1.25 1.9375) (size 0.25 0.825) (layers F.Cu F.Paste F.Mask) (roundrect_rratio 0.25)
      (net 12 /MDIO))
    (pad 11 smd roundrect (at 0.75 1.9375) (size 0.25 0.825) (layers F.Cu F.Paste F.Mask) (roundrect_rratio 0.25)
      (net 20 /CRS_DV))
    (pad 10 smd roundrect (at 0.25 1.9375) (size 0.25 0.825) (layers F.Cu F.Paste F.Mask) (roundrect_rratio 0.25)
      (net 10 /RXER))
    (pad 9 smd roundrect (at -0.25 1.9375) (size 0.25 0.825) (layers F.Cu F.Paste F.Mask) (roundrect_rratio 0.25)
      (net 5 VDD))
    (pad 8 smd roundrect (at -0.75 1.9375) (size 0.25 0.825) (layers F.Cu F.Paste F.Mask) (roundrect_rratio 0.25)
      (net 21 /RXD0))
    (pad 7 smd roundrect (at -1.25 1.9375) (size 0.25 0.825) (layers F.Cu F.Paste F.Mask) (roundrect_rratio 0.25)
      (net 16 /RXD1))
    (pad 6 smd roundrect (at -1.9375 1.25) (size 0.825 0.25) (layers F.Cu F.Paste F.Mask) (roundrect_rratio 0.25)
      (net 6 "Net-(C5-Pad2)"))
    (pad 5 smd roundrect (at -1.9375 0.75) (size 0.825 0.25) (layers F.Cu F.Paste F.Mask) (roundrect_rratio 0.25)
      (net 1 "Net-(C1-Pad2)"))
    (pad 4 smd roundrect (at -1.9375 0.25) (size 0.825 0.25) (layers F.Cu F.Paste F.Mask) (roundrect_rratio 0.25)
      (net 3 "Net-(C2-Pad1)"))
    (pad 3 smd roundrect (at -1.9375 -0.25) (size 0.825 0.25) (layers F.Cu F.Paste F.Mask) (roundrect_rratio 0.25)
      (net 28 /LED_G))
    (pad 2 smd roundrect (at -1.9375 -0.75) (size 0.825 0.25) (layers F.Cu F.Paste F.Mask) (roundrect_rratio 0.25)
      (net 29 /LED_Y))
    (pad 1 smd roundrect (at -1.9375 -1.25) (size 0.825 0.25) (layers F.Cu F.Paste F.Mask) (roundrect_rratio 0.25)
      (net 4 VDDA))
    (model ${KISYS3DMOD}/Package_DFN_QFN.3dshapes/QFN-24-1EP_4x4mm_P0.5mm_EP2.6x2.6mm.wrl
      (at (xyz 0 0 0))
      (scale (xyz 1 1 1))
      (rotate (xyz 0 0 0))
    )
  )

  (module Resistor_SMD:R_0603_1608Metric (layer F.Cu) (tedit 5B301BBD) (tstamp 61B799C4)
    (at 132.7912 86.5632 270)
    (descr "Resistor SMD 0603 (1608 Metric), square (rectangular) end terminal, IPC_7351 nominal, (Body size source: http://www.tortai-tech.com/upload/download/2011102023233369053.pdf), generated with kicad-footprint-generator")
    (tags resistor)
    (path /61B96096)
    (attr smd)
    (fp_text reference R13 (at 0 -1.27 90) (layer F.SilkS)
      (effects (font (size 1 1) (thickness 0.15)))
    )
    (fp_text value 1M (at 0 1.43 90) (layer F.Fab)
      (effects (font (size 1 1) (thickness 0.15)))
    )
    (fp_line (start 1.48 0.73) (end -1.48 0.73) (layer F.CrtYd) (width 0.05))
    (fp_line (start 1.48 -0.73) (end 1.48 0.73) (layer F.CrtYd) (width 0.05))
    (fp_line (start -1.48 -0.73) (end 1.48 -0.73) (layer F.CrtYd) (width 0.05))
    (fp_line (start -1.48 0.73) (end -1.48 -0.73) (layer F.CrtYd) (width 0.05))
    (fp_line (start -0.162779 0.51) (end 0.162779 0.51) (layer F.SilkS) (width 0.12))
    (fp_line (start -0.162779 -0.51) (end 0.162779 -0.51) (layer F.SilkS) (width 0.12))
    (fp_line (start 0.8 0.4) (end -0.8 0.4) (layer F.Fab) (width 0.1))
    (fp_line (start 0.8 -0.4) (end 0.8 0.4) (layer F.Fab) (width 0.1))
    (fp_line (start -0.8 -0.4) (end 0.8 -0.4) (layer F.Fab) (width 0.1))
    (fp_line (start -0.8 0.4) (end -0.8 -0.4) (layer F.Fab) (width 0.1))
    (fp_text user %R (at 0 0 90) (layer F.Fab)
      (effects (font (size 0.4 0.4) (thickness 0.06)))
    )
    (pad 2 smd roundrect (at 0.7875 0 270) (size 0.875 0.95) (layers F.Cu F.Paste F.Mask) (roundrect_rratio 0.25)
      (net 1 "Net-(C1-Pad2)"))
    (pad 1 smd roundrect (at -0.7875 0 270) (size 0.875 0.95) (layers F.Cu F.Paste F.Mask) (roundrect_rratio 0.25)
      (net 3 "Net-(C2-Pad1)"))
    (model ${KISYS3DMOD}/Resistor_SMD.3dshapes/R_0603_1608Metric.wrl
      (at (xyz 0 0 0))
      (scale (xyz 1 1 1))
      (rotate (xyz 0 0 0))
    )
  )

  (module Resistor_SMD:R_0603_1608Metric (layer F.Cu) (tedit 5B301BBD) (tstamp 61B799B3)
    (at 141.6812 83.566 90)
    (descr "Resistor SMD 0603 (1608 Metric), square (rectangular) end terminal, IPC_7351 nominal, (Body size source: http://www.tortai-tech.com/upload/download/2011102023233369053.pdf), generated with kicad-footprint-generator")
    (tags resistor)
    (path /61B91A67)
    (attr smd)
    (fp_text reference R12 (at 2.8956 0 90) (layer F.SilkS)
      (effects (font (size 1 1) (thickness 0.15)))
    )
    (fp_text value 1k (at 0 1.43 90) (layer F.Fab)
      (effects (font (size 1 1) (thickness 0.15)))
    )
    (fp_line (start 1.48 0.73) (end -1.48 0.73) (layer F.CrtYd) (width 0.05))
    (fp_line (start 1.48 -0.73) (end 1.48 0.73) (layer F.CrtYd) (width 0.05))
    (fp_line (start -1.48 -0.73) (end 1.48 -0.73) (layer F.CrtYd) (width 0.05))
    (fp_line (start -1.48 0.73) (end -1.48 -0.73) (layer F.CrtYd) (width 0.05))
    (fp_line (start -0.162779 0.51) (end 0.162779 0.51) (layer F.SilkS) (width 0.12))
    (fp_line (start -0.162779 -0.51) (end 0.162779 -0.51) (layer F.SilkS) (width 0.12))
    (fp_line (start 0.8 0.4) (end -0.8 0.4) (layer F.Fab) (width 0.1))
    (fp_line (start 0.8 -0.4) (end 0.8 0.4) (layer F.Fab) (width 0.1))
    (fp_line (start -0.8 -0.4) (end 0.8 -0.4) (layer F.Fab) (width 0.1))
    (fp_line (start -0.8 0.4) (end -0.8 -0.4) (layer F.Fab) (width 0.1))
    (fp_text user %R (at 0 0 90) (layer F.Fab)
      (effects (font (size 0.4 0.4) (thickness 0.06)))
    )
    (pad 2 smd roundrect (at 0.7875 0 90) (size 0.875 0.95) (layers F.Cu F.Paste F.Mask) (roundrect_rratio 0.25)
      (net 2 GND))
    (pad 1 smd roundrect (at -0.7875 0 90) (size 0.875 0.95) (layers F.Cu F.Paste F.Mask) (roundrect_rratio 0.25)
      (net 14 /RST))
    (model ${KISYS3DMOD}/Resistor_SMD.3dshapes/R_0603_1608Metric.wrl
      (at (xyz 0 0 0))
      (scale (xyz 1 1 1))
      (rotate (xyz 0 0 0))
    )
  )

  (module Resistor_SMD:R_0603_1608Metric (layer F.Cu) (tedit 5B301BBD) (tstamp 61B799A2)
    (at 140.97 87.3252 180)
    (descr "Resistor SMD 0603 (1608 Metric), square (rectangular) end terminal, IPC_7351 nominal, (Body size source: http://www.tortai-tech.com/upload/download/2011102023233369053.pdf), generated with kicad-footprint-generator")
    (tags resistor)
    (path /61B98DB2)
    (attr smd)
    (fp_text reference R11 (at 0 1.2192) (layer F.SilkS)
      (effects (font (size 1 1) (thickness 0.15)))
    )
    (fp_text value 1.5k (at 0 1.43) (layer F.Fab)
      (effects (font (size 1 1) (thickness 0.15)))
    )
    (fp_line (start -0.8 0.4) (end -0.8 -0.4) (layer F.Fab) (width 0.1))
    (fp_line (start -0.8 -0.4) (end 0.8 -0.4) (layer F.Fab) (width 0.1))
    (fp_line (start 0.8 -0.4) (end 0.8 0.4) (layer F.Fab) (width 0.1))
    (fp_line (start 0.8 0.4) (end -0.8 0.4) (layer F.Fab) (width 0.1))
    (fp_line (start -0.162779 -0.51) (end 0.162779 -0.51) (layer F.SilkS) (width 0.12))
    (fp_line (start -0.162779 0.51) (end 0.162779 0.51) (layer F.SilkS) (width 0.12))
    (fp_line (start -1.48 0.73) (end -1.48 -0.73) (layer F.CrtYd) (width 0.05))
    (fp_line (start -1.48 -0.73) (end 1.48 -0.73) (layer F.CrtYd) (width 0.05))
    (fp_line (start 1.48 -0.73) (end 1.48 0.73) (layer F.CrtYd) (width 0.05))
    (fp_line (start 1.48 0.73) (end -1.48 0.73) (layer F.CrtYd) (width 0.05))
    (fp_text user %R (at 0 0) (layer F.Fab)
      (effects (font (size 0.4 0.4) (thickness 0.06)))
    )
    (pad 1 smd roundrect (at -0.7875 0 180) (size 0.875 0.95) (layers F.Cu F.Paste F.Mask) (roundrect_rratio 0.25)
      (net 12 /MDIO))
    (pad 2 smd roundrect (at 0.7875 0 180) (size 0.875 0.95) (layers F.Cu F.Paste F.Mask) (roundrect_rratio 0.25)
      (net 5 VDD))
    (model ${KISYS3DMOD}/Resistor_SMD.3dshapes/R_0603_1608Metric.wrl
      (at (xyz 0 0 0))
      (scale (xyz 1 1 1))
      (rotate (xyz 0 0 0))
    )
  )

  (module Resistor_SMD:R_0603_1608Metric (layer B.Cu) (tedit 5B301BBD) (tstamp 61B79991)
    (at 114.7445 83.0072 180)
    (descr "Resistor SMD 0603 (1608 Metric), square (rectangular) end terminal, IPC_7351 nominal, (Body size source: http://www.tortai-tech.com/upload/download/2011102023233369053.pdf), generated with kicad-footprint-generator")
    (tags resistor)
    (path /61B6389F)
    (attr smd)
    (fp_text reference R10 (at 0 1.1938) (layer B.SilkS)
      (effects (font (size 1 1) (thickness 0.15)) (justify mirror))
    )
    (fp_text value 680 (at 0 -1.43) (layer B.Fab)
      (effects (font (size 1 1) (thickness 0.15)) (justify mirror))
    )
    (fp_line (start 1.48 -0.73) (end -1.48 -0.73) (layer B.CrtYd) (width 0.05))
    (fp_line (start 1.48 0.73) (end 1.48 -0.73) (layer B.CrtYd) (width 0.05))
    (fp_line (start -1.48 0.73) (end 1.48 0.73) (layer B.CrtYd) (width 0.05))
    (fp_line (start -1.48 -0.73) (end -1.48 0.73) (layer B.CrtYd) (width 0.05))
    (fp_line (start -0.162779 -0.51) (end 0.162779 -0.51) (layer B.SilkS) (width 0.12))
    (fp_line (start -0.162779 0.51) (end 0.162779 0.51) (layer B.SilkS) (width 0.12))
    (fp_line (start 0.8 -0.4) (end -0.8 -0.4) (layer B.Fab) (width 0.1))
    (fp_line (start 0.8 0.4) (end 0.8 -0.4) (layer B.Fab) (width 0.1))
    (fp_line (start -0.8 0.4) (end 0.8 0.4) (layer B.Fab) (width 0.1))
    (fp_line (start -0.8 -0.4) (end -0.8 0.4) (layer B.Fab) (width 0.1))
    (fp_text user %R (at 0 0) (layer B.Fab)
      (effects (font (size 0.4 0.4) (thickness 0.06)) (justify mirror))
    )
    (pad 2 smd roundrect (at 0.7875 0 180) (size 0.875 0.95) (layers B.Cu B.Paste B.Mask) (roundrect_rratio 0.25)
      (net 27 "Net-(J3-Pad9)"))
    (pad 1 smd roundrect (at -0.7875 0 180) (size 0.875 0.95) (layers B.Cu B.Paste B.Mask) (roundrect_rratio 0.25)
      (net 28 /LED_G))
    (model ${KISYS3DMOD}/Resistor_SMD.3dshapes/R_0603_1608Metric.wrl
      (at (xyz 0 0 0))
      (scale (xyz 1 1 1))
      (rotate (xyz 0 0 0))
    )
  )

  (module Resistor_SMD:R_0603_1608Metric (layer B.Cu) (tedit 5B301BBD) (tstamp 61B79980)
    (at 114.7572 87.1728 180)
    (descr "Resistor SMD 0603 (1608 Metric), square (rectangular) end terminal, IPC_7351 nominal, (Body size source: http://www.tortai-tech.com/upload/download/2011102023233369053.pdf), generated with kicad-footprint-generator")
    (tags resistor)
    (path /61B61C4B)
    (attr smd)
    (fp_text reference R9 (at 0 -1.27) (layer B.SilkS)
      (effects (font (size 1 1) (thickness 0.15)) (justify mirror))
    )
    (fp_text value 680 (at 0 -1.43) (layer B.Fab)
      (effects (font (size 1 1) (thickness 0.15)) (justify mirror))
    )
    (fp_line (start 1.48 -0.73) (end -1.48 -0.73) (layer B.CrtYd) (width 0.05))
    (fp_line (start 1.48 0.73) (end 1.48 -0.73) (layer B.CrtYd) (width 0.05))
    (fp_line (start -1.48 0.73) (end 1.48 0.73) (layer B.CrtYd) (width 0.05))
    (fp_line (start -1.48 -0.73) (end -1.48 0.73) (layer B.CrtYd) (width 0.05))
    (fp_line (start -0.162779 -0.51) (end 0.162779 -0.51) (layer B.SilkS) (width 0.12))
    (fp_line (start -0.162779 0.51) (end 0.162779 0.51) (layer B.SilkS) (width 0.12))
    (fp_line (start 0.8 -0.4) (end -0.8 -0.4) (layer B.Fab) (width 0.1))
    (fp_line (start 0.8 0.4) (end 0.8 -0.4) (layer B.Fab) (width 0.1))
    (fp_line (start -0.8 0.4) (end 0.8 0.4) (layer B.Fab) (width 0.1))
    (fp_line (start -0.8 -0.4) (end -0.8 0.4) (layer B.Fab) (width 0.1))
    (fp_text user %R (at 0 0) (layer B.Fab)
      (effects (font (size 0.4 0.4) (thickness 0.06)) (justify mirror))
    )
    (pad 2 smd roundrect (at 0.7875 0 180) (size 0.875 0.95) (layers B.Cu B.Paste B.Mask) (roundrect_rratio 0.25)
      (net 26 "Net-(J3-Pad12)"))
    (pad 1 smd roundrect (at -0.7875 0 180) (size 0.875 0.95) (layers B.Cu B.Paste B.Mask) (roundrect_rratio 0.25)
      (net 29 /LED_Y))
    (model ${KISYS3DMOD}/Resistor_SMD.3dshapes/R_0603_1608Metric.wrl
      (at (xyz 0 0 0))
      (scale (xyz 1 1 1))
      (rotate (xyz 0 0 0))
    )
  )

  (module Resistor_SMD:R_0603_1608Metric (layer F.Cu) (tedit 5B301BBD) (tstamp 61B7994D)
    (at 127.3048 78.6384)
    (descr "Resistor SMD 0603 (1608 Metric), square (rectangular) end terminal, IPC_7351 nominal, (Body size source: http://www.tortai-tech.com/upload/download/2011102023233369053.pdf), generated with kicad-footprint-generator")
    (tags resistor)
    (path /61B8CAEA)
    (attr smd)
    (fp_text reference R6 (at 0 -1.1684) (layer F.SilkS)
      (effects (font (size 1 1) (thickness 0.15)))
    )
    (fp_text value 49.9 (at 0 1.43) (layer F.Fab)
      (effects (font (size 1 1) (thickness 0.15)))
    )
    (fp_line (start 1.48 0.73) (end -1.48 0.73) (layer F.CrtYd) (width 0.05))
    (fp_line (start 1.48 -0.73) (end 1.48 0.73) (layer F.CrtYd) (width 0.05))
    (fp_line (start -1.48 -0.73) (end 1.48 -0.73) (layer F.CrtYd) (width 0.05))
    (fp_line (start -1.48 0.73) (end -1.48 -0.73) (layer F.CrtYd) (width 0.05))
    (fp_line (start -0.162779 0.51) (end 0.162779 0.51) (layer F.SilkS) (width 0.12))
    (fp_line (start -0.162779 -0.51) (end 0.162779 -0.51) (layer F.SilkS) (width 0.12))
    (fp_line (start 0.8 0.4) (end -0.8 0.4) (layer F.Fab) (width 0.1))
    (fp_line (start 0.8 -0.4) (end 0.8 0.4) (layer F.Fab) (width 0.1))
    (fp_line (start -0.8 -0.4) (end 0.8 -0.4) (layer F.Fab) (width 0.1))
    (fp_line (start -0.8 0.4) (end -0.8 -0.4) (layer F.Fab) (width 0.1))
    (fp_text user %R (at 0 0) (layer F.Fab)
      (effects (font (size 0.4 0.4) (thickness 0.06)))
    )
    (pad 2 smd roundrect (at 0.7875 0) (size 0.875 0.95) (layers F.Cu F.Paste F.Mask) (roundrect_rratio 0.25)
      (net 33 /TX_N))
    (pad 1 smd roundrect (at -0.7875 0) (size 0.875 0.95) (layers F.Cu F.Paste F.Mask) (roundrect_rratio 0.25)
      (net 4 VDDA))
    (model ${KISYS3DMOD}/Resistor_SMD.3dshapes/R_0603_1608Metric.wrl
      (at (xyz 0 0 0))
      (scale (xyz 1 1 1))
      (rotate (xyz 0 0 0))
    )
  )

  (module Resistor_SMD:R_0603_1608Metric (layer F.Cu) (tedit 5B301BBD) (tstamp 61B90425)
    (at 127.3048 81.1276 180)
    (descr "Resistor SMD 0603 (1608 Metric), square (rectangular) end terminal, IPC_7351 nominal, (Body size source: http://www.tortai-tech.com/upload/download/2011102023233369053.pdf), generated with kicad-footprint-generator")
    (tags resistor)
    (path /61B8BBEF)
    (attr smd)
    (fp_text reference R5 (at 0 1.2192) (layer F.SilkS)
      (effects (font (size 1 1) (thickness 0.15)))
    )
    (fp_text value 49.9 (at 0 1.43) (layer F.Fab)
      (effects (font (size 1 1) (thickness 0.15)))
    )
    (fp_line (start 1.48 0.73) (end -1.48 0.73) (layer F.CrtYd) (width 0.05))
    (fp_line (start 1.48 -0.73) (end 1.48 0.73) (layer F.CrtYd) (width 0.05))
    (fp_line (start -1.48 -0.73) (end 1.48 -0.73) (layer F.CrtYd) (width 0.05))
    (fp_line (start -1.48 0.73) (end -1.48 -0.73) (layer F.CrtYd) (width 0.05))
    (fp_line (start -0.162779 0.51) (end 0.162779 0.51) (layer F.SilkS) (width 0.12))
    (fp_line (start -0.162779 -0.51) (end 0.162779 -0.51) (layer F.SilkS) (width 0.12))
    (fp_line (start 0.8 0.4) (end -0.8 0.4) (layer F.Fab) (width 0.1))
    (fp_line (start 0.8 -0.4) (end 0.8 0.4) (layer F.Fab) (width 0.1))
    (fp_line (start -0.8 -0.4) (end 0.8 -0.4) (layer F.Fab) (width 0.1))
    (fp_line (start -0.8 0.4) (end -0.8 -0.4) (layer F.Fab) (width 0.1))
    (fp_text user %R (at 0 0) (layer F.Fab)
      (effects (font (size 0.4 0.4) (thickness 0.06)))
    )
    (pad 2 smd roundrect (at 0.7875 0 180) (size 0.875 0.95) (layers F.Cu F.Paste F.Mask) (roundrect_rratio 0.25)
      (net 34 /TX_P))
    (pad 1 smd roundrect (at -0.7875 0 180) (size 0.875 0.95) (layers F.Cu F.Paste F.Mask) (roundrect_rratio 0.25)
      (net 4 VDDA))
    (model ${KISYS3DMOD}/Resistor_SMD.3dshapes/R_0603_1608Metric.wrl
      (at (xyz 0 0 0))
      (scale (xyz 1 1 1))
      (rotate (xyz 0 0 0))
    )
  )

  (module Resistor_SMD:R_0603_1608Metric (layer B.Cu) (tedit 5B301BBD) (tstamp 61B7992B)
    (at 135.2804 79.6036 270)
    (descr "Resistor SMD 0603 (1608 Metric), square (rectangular) end terminal, IPC_7351 nominal, (Body size source: http://www.tortai-tech.com/upload/download/2011102023233369053.pdf), generated with kicad-footprint-generator")
    (tags resistor)
    (path /61B98ADB)
    (attr smd)
    (fp_text reference R4 (at 0 -1.3081 270) (layer B.SilkS)
      (effects (font (size 1 1) (thickness 0.15)) (justify mirror))
    )
    (fp_text value 12.1k (at 0 -1.43 270) (layer B.Fab)
      (effects (font (size 1 1) (thickness 0.15)) (justify mirror))
    )
    (fp_line (start 1.48 -0.73) (end -1.48 -0.73) (layer B.CrtYd) (width 0.05))
    (fp_line (start 1.48 0.73) (end 1.48 -0.73) (layer B.CrtYd) (width 0.05))
    (fp_line (start -1.48 0.73) (end 1.48 0.73) (layer B.CrtYd) (width 0.05))
    (fp_line (start -1.48 -0.73) (end -1.48 0.73) (layer B.CrtYd) (width 0.05))
    (fp_line (start -0.162779 -0.51) (end 0.162779 -0.51) (layer B.SilkS) (width 0.12))
    (fp_line (start -0.162779 0.51) (end 0.162779 0.51) (layer B.SilkS) (width 0.12))
    (fp_line (start 0.8 -0.4) (end -0.8 -0.4) (layer B.Fab) (width 0.1))
    (fp_line (start 0.8 0.4) (end 0.8 -0.4) (layer B.Fab) (width 0.1))
    (fp_line (start -0.8 0.4) (end 0.8 0.4) (layer B.Fab) (width 0.1))
    (fp_line (start -0.8 -0.4) (end -0.8 0.4) (layer B.Fab) (width 0.1))
    (fp_text user %R (at 0 0 270) (layer B.Fab)
      (effects (font (size 0.4 0.4) (thickness 0.06)) (justify mirror))
    )
    (pad 2 smd roundrect (at 0.7875 0 270) (size 0.875 0.95) (layers B.Cu B.Paste B.Mask) (roundrect_rratio 0.25)
      (net 30 "Net-(R4-Pad2)"))
    (pad 1 smd roundrect (at -0.7875 0 270) (size 0.875 0.95) (layers B.Cu B.Paste B.Mask) (roundrect_rratio 0.25)
      (net 2 GND))
    (model ${KISYS3DMOD}/Resistor_SMD.3dshapes/R_0603_1608Metric.wrl
      (at (xyz 0 0 0))
      (scale (xyz 1 1 1))
      (rotate (xyz 0 0 0))
    )
  )

  (module Resistor_SMD:R_0603_1608Metric (layer F.Cu) (tedit 5B301BBD) (tstamp 61B79909)
    (at 130.302 83.1088 90)
    (descr "Resistor SMD 0603 (1608 Metric), square (rectangular) end terminal, IPC_7351 nominal, (Body size source: http://www.tortai-tech.com/upload/download/2011102023233369053.pdf), generated with kicad-footprint-generator")
    (tags resistor)
    (path /61B9FCE2)
    (attr smd)
    (fp_text reference R2 (at 0 1.27 90) (layer F.SilkS)
      (effects (font (size 1 1) (thickness 0.15)))
    )
    (fp_text value 1k (at 0 1.43 90) (layer F.Fab)
      (effects (font (size 1 1) (thickness 0.15)))
    )
    (fp_line (start 1.48 0.73) (end -1.48 0.73) (layer F.CrtYd) (width 0.05))
    (fp_line (start 1.48 -0.73) (end 1.48 0.73) (layer F.CrtYd) (width 0.05))
    (fp_line (start -1.48 -0.73) (end 1.48 -0.73) (layer F.CrtYd) (width 0.05))
    (fp_line (start -1.48 0.73) (end -1.48 -0.73) (layer F.CrtYd) (width 0.05))
    (fp_line (start -0.162779 0.51) (end 0.162779 0.51) (layer F.SilkS) (width 0.12))
    (fp_line (start -0.162779 -0.51) (end 0.162779 -0.51) (layer F.SilkS) (width 0.12))
    (fp_line (start 0.8 0.4) (end -0.8 0.4) (layer F.Fab) (width 0.1))
    (fp_line (start 0.8 -0.4) (end 0.8 0.4) (layer F.Fab) (width 0.1))
    (fp_line (start -0.8 -0.4) (end 0.8 -0.4) (layer F.Fab) (width 0.1))
    (fp_line (start -0.8 0.4) (end -0.8 -0.4) (layer F.Fab) (width 0.1))
    (fp_text user %R (at 0 0 90) (layer F.Fab)
      (effects (font (size 0.4 0.4) (thickness 0.06)))
    )
    (pad 2 smd roundrect (at 0.7875 0 90) (size 0.875 0.95) (layers F.Cu F.Paste F.Mask) (roundrect_rratio 0.25)
      (net 29 /LED_Y))
    (pad 1 smd roundrect (at -0.7875 0 90) (size 0.875 0.95) (layers F.Cu F.Paste F.Mask) (roundrect_rratio 0.25)
      (net 2 GND))
    (model ${KISYS3DMOD}/Resistor_SMD.3dshapes/R_0603_1608Metric.wrl
      (at (xyz 0 0 0))
      (scale (xyz 1 1 1))
      (rotate (xyz 0 0 0))
    )
  )

  (module Resistor_SMD:R_0603_1608Metric (layer F.Cu) (tedit 5B301BBD) (tstamp 61B798F8)
    (at 140.97 89.7128)
    (descr "Resistor SMD 0603 (1608 Metric), square (rectangular) end terminal, IPC_7351 nominal, (Body size source: http://www.tortai-tech.com/upload/download/2011102023233369053.pdf), generated with kicad-footprint-generator")
    (tags resistor)
    (path /61B5D9D4)
    (attr smd)
    (fp_text reference R1 (at 0 -1.1684) (layer F.SilkS)
      (effects (font (size 1 1) (thickness 0.15)))
    )
    (fp_text value 1k (at 0 1.43) (layer F.Fab)
      (effects (font (size 1 1) (thickness 0.15)))
    )
    (fp_line (start 1.48 0.73) (end -1.48 0.73) (layer F.CrtYd) (width 0.05))
    (fp_line (start 1.48 -0.73) (end 1.48 0.73) (layer F.CrtYd) (width 0.05))
    (fp_line (start -1.48 -0.73) (end 1.48 -0.73) (layer F.CrtYd) (width 0.05))
    (fp_line (start -1.48 0.73) (end -1.48 -0.73) (layer F.CrtYd) (width 0.05))
    (fp_line (start -0.162779 0.51) (end 0.162779 0.51) (layer F.SilkS) (width 0.12))
    (fp_line (start -0.162779 -0.51) (end 0.162779 -0.51) (layer F.SilkS) (width 0.12))
    (fp_line (start 0.8 0.4) (end -0.8 0.4) (layer F.Fab) (width 0.1))
    (fp_line (start 0.8 -0.4) (end 0.8 0.4) (layer F.Fab) (width 0.1))
    (fp_line (start -0.8 -0.4) (end 0.8 -0.4) (layer F.Fab) (width 0.1))
    (fp_line (start -0.8 0.4) (end -0.8 -0.4) (layer F.Fab) (width 0.1))
    (fp_text user %R (at 0 0) (layer F.Fab)
      (effects (font (size 0.4 0.4) (thickness 0.06)))
    )
    (pad 2 smd roundrect (at 0.7875 0) (size 0.875 0.95) (layers F.Cu F.Paste F.Mask) (roundrect_rratio 0.25)
      (net 13 /CLKIN))
    (pad 1 smd roundrect (at -0.7875 0) (size 0.875 0.95) (layers F.Cu F.Paste F.Mask) (roundrect_rratio 0.25)
      (net 1 "Net-(C1-Pad2)"))
    (model ${KISYS3DMOD}/Resistor_SMD.3dshapes/R_0603_1608Metric.wrl
      (at (xyz 0 0 0))
      (scale (xyz 1 1 1))
      (rotate (xyz 0 0 0))
    )
  )

  (module HR911105A:HANRUN_HR911105A (layer F.Cu) (tedit 6108978D) (tstamp 61B87773)
    (at 114.7572 85.09 90)
    (path /61B50068)
    (fp_text reference J3 (at -3.18815 -12.50276 90) (layer F.SilkS)
      (effects (font (size 1.607654 1.607654) (thickness 0.15)))
    )
    (fp_text value HR911105A (at 8.02765 12.354385 90) (layer F.Fab)
      (effects (font (size 1.605063 1.605063) (thickness 0.15)))
    )
    (fp_line (start 9.25 -11.17) (end -9.25 -11.17) (layer F.CrtYd) (width 0.05))
    (fp_line (start 9.25 10.73) (end 9.25 -11.17) (layer F.CrtYd) (width 0.05))
    (fp_line (start -9.25 10.73) (end 9.25 10.73) (layer F.CrtYd) (width 0.05))
    (fp_line (start -9.25 -11.17) (end -9.25 10.73) (layer F.CrtYd) (width 0.05))
    (fp_line (start 8 -10.92) (end -8 -10.92) (layer F.Fab) (width 0.127))
    (fp_line (start 8 10.48) (end 8 -10.92) (layer F.Fab) (width 0.127))
    (fp_line (start -8 10.48) (end 8 10.48) (layer F.Fab) (width 0.127))
    (fp_line (start -8 -10.92) (end -8 10.48) (layer F.Fab) (width 0.127))
    (fp_circle (center 9 6.3) (end 9.15 6.3) (layer F.SilkS) (width 0.3))
    (fp_circle (center 5.8 6.3) (end 5.95 6.3) (layer F.Fab) (width 0.3))
    (fp_line (start 8 4.6) (end 8 10.48) (layer F.SilkS) (width 0.127))
    (fp_line (start 8 -10.92) (end 8 1.5) (layer F.SilkS) (width 0.127))
    (fp_line (start -8 4.6) (end -8 10.48) (layer F.SilkS) (width 0.127))
    (fp_line (start -8 -10.92) (end -8 1.5) (layer F.SilkS) (width 0.127))
    (fp_line (start 8 -10.92) (end -8 -10.92) (layer F.SilkS) (width 0.127))
    (fp_line (start 8 10.48) (end -8 10.48) (layer F.SilkS) (width 0.127))
    (pad None np_thru_hole circle (at 5.715 0 90) (size 3.25 3.25) (drill 3.25) (layers *.Cu *.Mask))
    (pad None np_thru_hole circle (at -5.715 0 90) (size 3.25 3.25) (drill 3.25) (layers *.Cu *.Mask))
    (pad 16 thru_hole circle (at -7.745 3.05 90) (size 2.445 2.445) (drill 1.63) (layers *.Cu *.Mask)
      (net 2 GND))
    (pad 15 thru_hole circle (at 7.745 3.05 90) (size 2.445 2.445) (drill 1.63) (layers *.Cu *.Mask)
      (net 2 GND))
    (pad 11 thru_hole circle (at -4.085 -4.9 90) (size 1.53 1.53) (drill 1.02) (layers *.Cu *.Mask)
      (net 2 GND))
    (pad 12 thru_hole circle (at -6.625 -4.9 90) (size 1.53 1.53) (drill 1.02) (layers *.Cu *.Mask)
      (net 26 "Net-(J3-Pad12)"))
    (pad 10 thru_hole circle (at 4.085 -4.9 90) (size 1.53 1.53) (drill 1.02) (layers *.Cu *.Mask)
      (net 2 GND))
    (pad 9 thru_hole circle (at 6.625 -4.9 90) (size 1.53 1.53) (drill 1.02) (layers *.Cu *.Mask)
      (net 27 "Net-(J3-Pad9)"))
    (pad 8 thru_hole circle (at -4.44 8.89 90) (size 1.398 1.398) (drill 0.89) (layers *.Cu *.Mask)
      (net 2 GND))
    (pad 7 thru_hole circle (at -3.17 6.35 90) (size 1.398 1.398) (drill 0.89) (layers *.Cu *.Mask))
    (pad 6 thru_hole circle (at -1.9 8.89 90) (size 1.398 1.398) (drill 0.89) (layers *.Cu *.Mask)
      (net 31 /RX_N))
    (pad 5 thru_hole circle (at -0.63 6.35 90) (size 1.398 1.398) (drill 0.89) (layers *.Cu *.Mask)
      (net 4 VDDA))
    (pad 4 thru_hole circle (at 0.64 8.89 90) (size 1.398 1.398) (drill 0.89) (layers *.Cu *.Mask)
      (net 4 VDDA))
    (pad 3 thru_hole circle (at 1.91 6.35 90) (size 1.398 1.398) (drill 0.89) (layers *.Cu *.Mask)
      (net 32 /RX_P))
    (pad 2 thru_hole circle (at 3.18 8.89 90) (size 1.398 1.398) (drill 0.89) (layers *.Cu *.Mask)
      (net 33 /TX_N))
    (pad 1 thru_hole rect (at 4.45 6.35 90) (size 1.398 1.398) (drill 0.89) (layers *.Cu *.Mask)
      (net 34 /TX_P))
  )

  (module Connector_PinHeader_2.54mm:PinHeader_2x07_P2.54mm_Vertical (layer F.Cu) (tedit 59FED5CC) (tstamp 61B798C3)
    (at 147.5994 77.47)
    (descr "Through hole straight pin header, 2x07, 2.54mm pitch, double rows")
    (tags "Through hole pin header THT 2x07 2.54mm double row")
    (path /61BE9F34)
    (fp_text reference J2 (at 1.27 -2.33) (layer F.SilkS)
      (effects (font (size 1 1) (thickness 0.15)))
    )
    (fp_text value Conn_02x07_Odd_Even (at 1.27 17.57) (layer F.Fab)
      (effects (font (size 1 1) (thickness 0.15)))
    )
    (fp_line (start 4.35 -1.8) (end -1.8 -1.8) (layer F.CrtYd) (width 0.05))
    (fp_line (start 4.35 17.05) (end 4.35 -1.8) (layer F.CrtYd) (width 0.05))
    (fp_line (start -1.8 17.05) (end 4.35 17.05) (layer F.CrtYd) (width 0.05))
    (fp_line (start -1.8 -1.8) (end -1.8 17.05) (layer F.CrtYd) (width 0.05))
    (fp_line (start -1.33 -1.33) (end 0 -1.33) (layer F.SilkS) (width 0.12))
